nWifi	payloadSize	throughput
1	1024	3.35053
1	1524	4.34035
1	2024	5.10048
1	2524	4.5432
1	3024	5.05613
1	3524	4.9336
1	4024	5.31168
1	4524	4.9945
1	5024	5.26515
1	5524	5.17046
1	6024	5.3975
1	6524	5.68893
1	7024	5.28205
1	7524	5.59786
1	8024	5.45632
1	8524	5.52355
1	9024	5.77536
1	9524	5.48582
1	10024	5.45306
2	1024	3.41606
2	1524	4.55981
2	2024	5.2624
2	2524	4.7855
2	3024	5.34643
2	3524	5.21552
2	4024	5.47264
2	4524	5.17546
2	5024	5.5063
2	5524	5.34723
2	6024	5.63846
2	6524	5.8455
2	7024	5.6192
2	7524	5.71824
2	8024	5.6489
2	8524	5.86451
2	9024	5.99194
2	9524	5.63821
2	10024	5.77382
3	1024	3.55533
3	1524	4.70611
3	2024	5.24621
3	2524	4.7855
3	3024	5.24966
3	3524	5.15914
3	4024	5.47264
3	4524	5.24784
3	5024	5.5063
3	5524	5.34723
3	6024	5.68666
3	6524	5.8455
3	7024	5.50682
3	7524	5.65805
3	8024	5.6489
3	8524	5.79632
3	9024	5.99194
3	9524	5.79059
3	10024	5.69363
4	1024	3.66182
4	1524	4.70611
4	2024	5.44051
4	2524	4.84608
4	3024	5.27386
4	3524	5.15914
4	4024	5.56922
4	4524	5.10307
4	5024	5.42592
4	5524	5.39142
4	6024	5.59027
4	6524	5.79331
4	7024	5.6192
4	7524	5.65805
4	8024	5.71309
4	8524	5.79632
4	9024	5.70317
4	9524	5.7144
4	10024	5.61344
5	1024	3.60448
5	1524	4.68173
5	2024	5.35955
5	2524	4.88646
5	3024	5.10451
5	3524	5.18733
5	4024	5.50483
5	4524	5.21165
5	5024	5.38573
5	5524	5.39142
5	6024	5.4457
5	6524	5.79331
5	7024	5.45062
5	7524	5.59786
5	8024	5.5847
5	8524	5.79632
5	9024	5.84755
5	9524	5.48582
5	10024	5.45306
6	1024	3.5881
6	1524	4.62077
6	2024	5.37574
6	2524	4.76531
6	3024	5.17709
6	3524	5.21552
6	4024	5.53702
6	4524	4.9583
6	5024	5.42592
6	5524	5.34723
6	6024	5.49389
6	6524	5.68893
6	7024	5.50682
6	7524	5.59786
6	8024	5.52051
6	8524	5.59174
6	9024	5.84755
6	9524	5.56202
6	10024	5.45306
7	1024	3.63725
7	1524	4.60858
7	2024	5.37574
7	2524	4.7855
7	3024	5.32224
7	3524	5.15914
7	4024	5.40826
7	4524	5.10307
7	5024	5.38573
7	5524	5.25885
7	6024	5.59027
7	6524	5.74112
7	7024	5.39443
7	7524	5.41728
7	8024	5.45632
7	8524	5.59174
7	9024	5.77536
7	9524	5.48582
7	10024	5.45306
8	1024	3.53894
8	1524	4.572
8	2024	5.27859
8	2524	4.8057
8	3024	5.20128
8	3524	5.13094
8	4024	5.44045
8	4524	4.9583
8	5024	5.18477
8	5524	5.25885
8	6024	5.49389
8	6524	5.68893
8	7024	5.33824
8	7524	5.35709
8	8024	5.32794
8	8524	5.59174
8	9024	5.70317
8	9524	5.33344
8	10024	5.29267
9	1024	3.51437
9	1524	4.54762
9	2024	5.21382
9	2524	4.74512
9	3024	5.22547
9	3524	5.07456
9	4024	5.44045
9	4524	5.10307
9	5024	5.18477
9	5524	5.30304
9	6024	5.34931
9	6524	5.58454
9	7024	5.28205
9	7524	5.35709
9	8024	5.32794
9	8524	5.65994
9	9024	5.70317
9	9524	5.33344
9	10024	5.29267
10	1024	3.53075
10	1524	4.49885
10	2024	5.23002
10	2524	4.76531
10	3024	5.1529
10	3524	5.07456
10	4024	5.40826
10	4524	4.88592
10	5024	5.30534
10	5524	5.21466
10	6024	5.3975
10	6524	5.53235
10	7024	5.16966
10	7524	5.41728
10	8024	5.26374
10	8524	5.38717
10	9024	5.63098
10	9524	5.40963
10	10024	5.37286
11	1024	3.50618
11	1524	4.51104
11	2024	5.19763
11	2524	4.72493
11	3024	5.17709
11	3524	5.07456
11	4024	5.37606
11	4524	5.03069
11	5024	5.26515
11	5524	5.12627
11	6024	5.49389
11	6524	5.42797
11	7024	5.16966
11	7524	5.17651
11	8024	5.26374
11	8524	5.45536
11	9024	5.55878
11	9524	5.18106
11	10024	5.29267
12	1024	3.53075
12	1524	4.45008
12	2024	5.14906
12	2524	4.58358
12	3024	5.03194
12	3524	5.04637
12	4024	5.31168
12	4524	4.84973
12	5024	5.06419
12	5524	5.08208
12	6024	5.30112
12	6524	5.37578
12	7024	5.28205
12	7524	5.2969
12	8024	5.26374
12	8524	5.38717
12	9024	5.63098
12	9524	5.02867
12	10024	5.13229
13	1024	3.50618
13	1524	4.4257
13	2024	5.13286
13	2524	4.60378
13	3024	4.98355
13	3524	5.01818
13	4024	5.31168
13	4524	5.13926
13	5024	5.26515
13	5524	5.17046
13	6024	5.34931
13	6524	5.48016
13	7024	5.05728
13	7524	5.2367
13	8024	5.26374
13	8524	5.45536
13	9024	5.4144
13	9524	5.25725
13	10024	5.13229
14	1024	3.42426
14	1524	4.38912
14	2024	5.0681
14	2524	4.62397
14	3024	5.03194
14	3524	5.01818
14	4024	5.2473
14	4524	4.92211
14	5024	5.14458
14	5524	5.08208
14	6024	5.30112
14	6524	5.42797
14	7024	5.11347
14	7524	5.17651
14	8024	5.26374
14	8524	5.45536
14	9024	5.55878
14	9524	4.95248
14	10024	4.9719
15	1024	3.44064
15	1524	4.29158
15	2024	5.10048
15	2524	4.60378
15	3024	4.93517
15	3524	4.96179
15	4024	5.27949
15	4524	4.9945
15	5024	5.024
15	5524	4.90531
15	6024	5.20474
15	6524	5.37578
15	7024	5.05728
15	7524	5.2969
15	8024	5.00698
15	8524	5.38717
15	9024	5.34221
15	9524	5.18106
15	10024	4.81152
16	1024	3.3833
16	1524	4.37693
16	2024	5.0681
16	2524	4.58358
16	3024	4.93517
16	3524	4.90541
16	4024	5.27949
16	4524	4.84973
16	5024	5.024
16	5524	4.86112
16	6024	5.30112
16	6524	5.37578
16	7024	5.16966
16	7524	5.17651
16	8024	5.07117
16	8524	5.45536
16	9024	5.27002
16	9524	5.02867
16	10024	5.13229
17	1024	3.39149
17	1524	4.32816
17	2024	5.00333
17	2524	4.56339
17	3024	4.98355
17	3524	4.82083
17	4024	5.18291
17	4524	4.81354
17	5024	5.10438
17	5524	4.9495
17	6024	5.20474
17	6524	5.2192
17	7024	4.72013
17	7524	4.99594
17	8024	5.13536
17	8524	5.18259
17	9024	5.48659
17	9524	4.87629
17	10024	4.9719
18	1024	3.3833
18	1524	4.24282
18	2024	4.98714
18	2524	4.52301
18	3024	4.8384
18	3524	4.70806
18	4024	5.11853
18	4524	4.70496
18	5024	4.90342
18	5524	4.86112
18	6024	5.20474
18	6524	5.2192
18	7024	4.9449
18	7524	4.87555
18	8024	5.13536
18	8524	5.18259
18	9024	5.34221
18	9524	5.25725
18	10024	4.89171
19	1024	3.33414
19	1524	4.2672
19	2024	4.88998
19	2524	4.52301
19	3024	4.8384
19	3524	4.84902
19	4024	5.08634
19	4524	4.63258
19	5024	4.94362
19	5524	4.9495
19	6024	5.20474
19	6524	5.16701
19	7024	5.05728
19	7524	4.99594
19	8024	4.87859
19	8524	5.1144
19	9024	5.48659
19	9524	4.95248
19	10024	5.0521
20	1024	3.34234
20	1524	4.19405
20	2024	4.88998
20	2524	4.48262
20	3024	4.76582
20	3524	4.79264
20	4024	5.08634
20	4524	4.524
20	5024	4.98381
20	5524	4.77274
20	6024	5.01197
20	6524	5.2192
20	7024	4.77632
20	7524	4.75517
20	8024	5.13536
20	8524	4.90982
20	9024	5.34221
20	9524	4.57152
20	10024	4.89171
21	1024	3.28499
21	1524	4.21843
21	2024	4.84141
21	2524	4.36147
21	3024	4.81421
21	3524	4.73626
21	4024	4.98976
21	4524	4.70496
21	5024	4.98381
21	5524	4.68435
21	6024	4.86739
21	6524	5.06262
21	7024	4.8887
21	7524	4.99594
21	8024	4.94278
21	8524	4.77344
21	9024	5.34221
21	9524	4.57152
21	10024	4.9719
22	1024	3.23584
22	1524	4.16966
22	2024	4.8576
22	2524	4.32109
22	3024	4.69325
22	3524	4.65168
22	4024	4.92538
22	4524	4.63258
22	5024	4.86323
22	5524	4.72854
22	6024	4.91558
22	6524	5.2192
22	7024	4.77632
22	7524	4.81536
22	8024	4.8144
22	8524	4.90982
22	9024	5.05344
22	9524	5.02867
22	10024	4.41056
23	1024	3.23584
23	1524	4.15747
23	2024	4.76045
23	2524	4.36147
23	3024	4.79002
23	3524	4.70806
23	4024	5.08634
23	4524	4.59638
23	5024	4.74266
23	5524	4.68435
23	6024	4.96378
23	6524	5.2192
23	7024	5.00109
23	7524	4.75517
23	8024	4.75021
23	8524	5.04621
23	9024	5.19782
23	9524	4.64771
23	10024	5.0521
24	1024	3.22765
24	1524	4.07213
24	2024	4.76045
24	2524	4.26051
24	3024	4.71744
24	3524	4.67987
24	4024	4.8288
24	4524	4.59638
24	5024	4.90342
24	5524	4.64016
24	6024	4.91558
24	6524	4.95824
24	7024	4.60774
24	7524	4.93574
24	8024	4.8144
24	8524	4.90982
24	9024	5.05344
24	9524	4.8001
24	10024	4.81152
25	1024	3.24403
25	1524	4.07213
25	2024	4.69568
25	2524	4.24032
25	3024	4.64486
25	3524	4.62349
25	4024	4.8288
25	4524	4.63258
25	5024	4.82304
25	5524	4.64016
25	6024	4.8192
25	6524	5.06262
25	7024	4.77632
25	7524	4.99594
25	8024	4.87859
25	8524	4.90982
25	9024	5.27002
25	9524	5.02867
25	10024	4.65114
26	1024	3.15392
26	1524	4.03555
26	2024	4.6633
26	2524	4.22013
26	3024	4.47552
26	3524	4.48253
26	4024	4.86099
26	4524	4.56019
26	5024	4.78285
26	5524	4.72854
26	6024	4.77101
26	6524	5.06262
26	7024	4.77632
26	7524	4.81536
26	8024	4.62182
26	8524	4.77344
26	9024	5.05344
26	9524	4.8001
26	10024	4.41056
27	1024	3.14573
27	1524	4.03555
27	2024	4.56614
27	2524	4.15955
27	3024	4.45133
27	3524	4.48253
27	4024	4.76442
27	4524	4.45162
27	5024	4.58189
27	5524	4.55178
27	6024	4.77101
27	6524	5.06262
27	7024	4.72013
27	7524	4.75517
27	8024	4.8144
27	8524	4.70525
27	9024	4.90906
27	9524	4.8001
27	10024	4.25018
28	1024	3.12115
28	1524	3.98678
28	2024	4.59853
28	2524	4.19994
28	3024	4.45133
28	3524	4.51072
28	4024	4.73222
28	4524	4.41542
28	5024	4.58189
28	5524	4.50758
28	6024	4.77101
28	6524	4.90605
28	7024	4.49536
28	7524	4.75517
28	8024	4.8144
28	8524	4.70525
28	9024	4.98125
28	9524	4.7239
28	10024	4.57094
29	1024	3.16211
29	1524	3.95021
29	2024	4.59853
29	2524	4.15955
29	3024	4.62067
29	3524	4.42614
29	4024	4.73222
29	4524	4.27066
29	5024	4.5417
29	5524	4.50758
29	6024	4.57824
29	6524	5.01043
29	7024	4.83251
29	7524	4.81536
29	8024	4.49344
29	8524	4.77344
29	9024	5.05344
29	9524	5.02867
29	10024	4.33037
30	1024	3.12934
30	1524	3.97459
30	2024	4.59853
30	2524	4.26051
30	3024	4.45133
30	3524	4.48253
30	4024	4.8288
30	4524	4.524
30	5024	4.70246
30	5524	4.68435
30	6024	4.72282
30	6524	4.95824
30	7024	4.55155
30	7524	4.57459
30	8024	4.8144
30	8524	4.90982
30	9024	4.76467
30	9524	4.64771
30	10024	4.57094
31	1024	3.12934
31	1524	3.98678
31	2024	4.63091
31	2524	4.19994
31	3024	4.37875
31	3524	4.5671
31	4024	4.8288
31	4524	4.48781
31	5024	4.62208
31	5524	4.77274
31	6024	4.86739
31	6524	4.90605
31	7024	4.49536
31	7524	4.75517
31	8024	4.75021
31	8524	4.90982
31	9024	5.05344
31	9524	4.87629
31	10024	4.57094
32	1024	3.12934
32	1524	3.91363
32	2024	4.56614
32	2524	4.09898
32	3024	4.47552
32	3524	4.45434
32	4024	4.70003
32	4524	4.37923
32	5024	4.58189
32	5524	4.55178
32	6024	4.72282
32	6524	4.90605
32	7024	4.38298
32	7524	4.69498
32	8024	4.68602
32	8524	4.63706
32	9024	4.98125
32	9524	4.49533
32	10024	4.81152
33	1024	3.1785
33	1524	4.01117
33	2024	4.6633
33	2524	4.26051
33	3024	4.62067
33	3524	4.48253
33	4024	4.79661
33	4524	4.48781
33	5024	4.58189
33	5524	4.59597
33	6024	4.8192
33	6524	4.95824
33	7024	4.66394
33	7524	4.87555
33	8024	4.94278
33	8524	4.84163
33	9024	5.12563
33	9524	4.8001
33	10024	4.41056
34	1024	3.08838
34	1524	3.93802
34	2024	4.67949
34	2524	4.19994
34	3024	4.64486
34	3524	4.48253
34	4024	4.73222
34	4524	4.30685
34	5024	4.70246
34	5524	4.64016
34	6024	4.72282
34	6524	5.06262
34	7024	4.60774
34	7524	4.69498
34	8024	4.55763
34	8524	4.90982
34	9024	4.90906
34	9524	4.64771
34	10024	4.73133
35	1024	3.08019
35	1524	3.9624
35	2024	4.58234
35	2524	4.15955
35	3024	4.45133
35	3524	4.48253
35	4024	4.76442
35	4524	4.45162
35	5024	4.66227
35	5524	4.68435
35	6024	4.8192
35	6524	4.95824
35	7024	4.55155
35	7524	4.5144
35	8024	4.75021
35	8524	5.04621
35	9024	5.05344
35	9524	4.49533
35	10024	4.65114
36	1024	3.1703
36	1524	4.01117
36	2024	4.63091
36	2524	4.24032
36	3024	4.59648
36	3524	4.5671
36	4024	4.79661
36	4524	4.41542
36	5024	4.74266
36	5524	4.55178
36	6024	4.86739
36	6524	5.11482
36	7024	4.55155
36	7524	4.81536
36	8024	4.75021
36	8524	5.04621
36	9024	5.05344
36	9524	4.8001
36	10024	4.81152
37	1024	3.12115
37	1524	4.01117
37	2024	4.6471
37	2524	4.11917
37	3024	4.42714
37	3524	4.51072
37	4024	4.73222
37	4524	4.41542
37	5024	4.70246
37	5524	4.68435
37	6024	4.8192
37	6524	4.90605
37	7024	4.83251
37	7524	4.69498
37	8024	4.62182
37	8524	4.90982
37	9024	4.76467
37	9524	4.64771
37	10024	4.89171
38	1024	3.11296
38	1524	3.93802
38	2024	4.56614
38	2524	4.0384
38	3024	4.5481
38	3524	4.36976
38	4024	4.70003
38	4524	4.37923
38	5024	4.62208
38	5524	4.64016
38	6024	4.57824
38	6524	5.01043
38	7024	4.55155
38	7524	4.63478
38	8024	4.68602
38	8524	5.04621
38	9024	4.76467
38	9524	4.8001
38	10024	4.41056
39	1024	3.12934
39	1524	3.9624
39	2024	4.59853
39	2524	4.17974
39	3024	4.5481
39	3524	4.5953
39	4024	4.79661
39	4524	4.59638
39	5024	4.70246
39	5524	4.46339
39	6024	4.86739
39	6524	5.01043
39	7024	4.60774
39	7524	4.75517
39	8024	4.68602
39	8524	4.97802
39	9024	4.98125
39	9524	4.7239
39	10024	4.81152
40	1024	3.16211
40	1524	3.93802
40	2024	4.61472
40	2524	4.24032
40	3024	4.47552
40	3524	4.36976
40	4024	4.86099
40	4524	4.41542
40	5024	4.62208
40	5524	4.64016
40	6024	4.77101
40	6524	4.85386
40	7024	4.49536
40	7524	4.87555
40	8024	4.8144
40	8524	4.90982
40	9024	5.05344
40	9524	4.64771
40	10024	4.73133
41	1024	3.09658
41	1524	3.93802
41	2024	4.58234
41	2524	4.19994
41	3024	4.49971
41	3524	4.45434
41	4024	4.76442
41	4524	4.41542
41	5024	4.62208
41	5524	4.64016
41	6024	4.72282
41	6524	5.01043
41	7024	4.60774
41	7524	4.93574
41	8024	4.68602
41	8524	4.84163
41	9024	4.76467
41	9524	4.87629
41	10024	4.65114
42	1024	3.18669
42	1524	3.9624
42	2024	4.61472
42	2524	4.15955
42	3024	4.5481
42	3524	4.51072
42	4024	4.76442
42	4524	4.45162
42	5024	4.74266
42	5524	4.59597
42	6024	4.8192
42	6524	4.95824
42	7024	4.66394
42	7524	4.63478
42	8024	4.75021
42	8524	4.84163
42	9024	4.76467
42	9524	5.02867
42	10024	4.57094
43	1024	3.13754
43	1524	3.97459
43	2024	4.59853
43	2524	4.26051
43	3024	4.62067
43	3524	4.45434
43	4024	4.79661
43	4524	4.524
43	5024	4.74266
43	5524	4.64016
43	6024	4.67462
43	6524	4.90605
43	7024	4.66394
43	7524	4.69498
43	8024	4.75021
43	8524	4.90982
43	9024	5.05344
43	9524	4.49533
43	10024	4.81152
44	1024	3.08838
44	1524	3.97459
44	2024	4.59853
44	2524	4.15955
44	3024	4.45133
44	3524	4.39795
44	4024	4.70003
44	4524	4.30685
44	5024	4.58189
44	5524	4.50758
44	6024	4.67462
44	6524	4.85386
44	7024	4.66394
44	7524	4.69498
44	8024	4.62182
44	8524	4.63706
44	9024	5.05344
44	9524	4.41914
44	10024	4.81152
45	1024	3.16211
45	1524	4.02336
45	2024	4.6471
45	2524	4.15955
45	3024	4.62067
45	3524	4.51072
45	4024	4.86099
45	4524	4.45162
45	5024	4.66227
45	5524	4.55178
45	6024	4.77101
45	6524	5.01043
45	7024	4.49536
45	7524	4.5144
45	8024	4.68602
45	8524	4.90982
45	9024	5.19782
45	9524	4.41914
45	10024	4.73133
46	1024	3.12115
46	1524	3.9624
46	2024	4.6633
46	2524	4.26051
46	3024	4.57229
46	3524	4.51072
46	4024	4.73222
46	4524	4.37923
46	5024	4.74266
46	5524	4.55178
46	6024	4.77101
46	6524	5.06262
46	7024	4.60774
46	7524	4.93574
46	8024	4.75021
46	8524	4.63706
46	9024	5.05344
46	9524	4.57152
46	10024	4.49075
47	1024	3.09658
47	1524	3.95021
47	2024	4.54995
47	2524	4.15955
47	3024	4.5239
47	3524	4.42614
47	4024	4.66784
47	4524	4.45162
47	5024	4.5417
47	5524	4.50758
47	6024	4.77101
47	6524	5.01043
47	7024	4.66394
47	7524	4.69498
47	8024	4.87859
47	8524	4.84163
47	9024	4.90906
47	9524	4.7239
47	10024	4.41056
48	1024	3.16211
48	1524	4.05994
48	2024	4.54995
48	2524	4.24032
48	3024	4.59648
48	3524	4.48253
48	4024	4.86099
48	4524	4.30685
48	5024	4.70246
48	5524	4.64016
48	6024	4.77101
48	6524	4.90605
48	7024	4.55155
48	7524	4.81536
48	8024	4.62182
48	8524	4.70525
48	9024	4.98125
48	9524	4.8001
48	10024	4.65114
49	1024	3.12115
49	1524	3.98678
49	2024	4.58234
49	2524	4.22013
49	3024	4.57229
49	3524	4.48253
49	4024	4.79661
49	4524	4.34304
49	5024	4.5015
49	5524	4.68435
49	6024	4.8192
49	6524	5.01043
49	7024	4.32678
49	7524	4.69498
49	8024	4.94278
49	8524	4.90982
49	9024	4.98125
49	9524	5.02867
49	10024	4.41056
50	1024	3.12115
50	1524	3.97459
50	2024	4.56614
50	2524	4.15955
50	3024	4.5239
50	3524	4.42614
50	4024	4.73222
50	4524	4.27066
50	5024	4.62208
50	5524	4.50758
50	6024	4.77101
50	6524	4.85386
50	7024	4.72013
50	7524	4.57459
50	8024	4.62182
50	8524	4.90982
50	9024	4.98125
50	9524	4.7239
50	10024	4.73133
