nWifi	payloadSize	throughput
1	1024	4.12877
1	1524	5.1816
1	2024	6.00723
1	2524	5.048
1	3024	5.61254
1	3524	5.92032
1	4024	6.30963
1	4524	5.75453
1	5024	6.0288
1	5524	6.23107
1	6024	6.40954
1	6524	6.68058
1	7024	6.12493
1	7524	6.38035
1	8024	6.48339
1	8524	6.61462
1	9024	6.78605
1	9524	6.40013
1	10024	6.49555
2	1024	4.24346
2	1524	5.20598
2	2024	5.95866
2	2524	5.22973
2	3024	5.80608
2	3524	5.94851
2	4024	6.50278
2	4524	5.82691
2	5024	6.31014
2	5524	6.36365
2	6024	6.6505
2	6524	6.73277
2	7024	6.57446
2	7524	6.32016
2	8024	6.86854
2	8524	6.95558
2	9024	7.2192
2	9524	6.47632
2	10024	6.49555
3	1024	4.4073
3	1524	5.52298
3	2024	5.95866
3	2524	5.02781
3	3024	5.66093
3	3524	6.03309
3	4024	6.4384
3	4524	5.82691
3	5024	6.18957
3	5524	6.36365
3	6024	6.55411
3	6524	6.62838
3	7024	6.2935
3	7524	6.38035
3	8024	6.61178
3	8524	6.61462
3	9024	6.85824
3	9524	6.32394
3	10024	6.49555
4	1024	4.53018
4	1524	5.54736
4	2024	6.00723
4	2524	5.39126
4	3024	5.58835
4	3524	6.03309
4	4024	6.27744
4	4524	5.68214
4	5024	5.78765
4	5524	6.23107
4	6024	6.36134
4	6524	6.524
4	7024	6.2935
4	7524	6.38035
4	8024	6.61178
4	8524	6.61462
4	9024	6.71386
4	9524	6.40013
4	10024	6.57574
5	1024	4.45645
5	1524	5.49859
5	2024	6.02342
5	2524	4.88646
5	3024	5.29805
5	3524	5.83574
5	4024	6.24525
5	4524	5.82691
5	5024	5.98861
5	5524	6.14269
5	6024	6.07219
5	6524	6.36742
5	7024	5.95635
5	7524	6.07939
5	8024	6.29082
5	8524	6.54643
5	9024	6.56947
5	9524	6.24774
5	10024	6.33517
6	1024	4.44006
6	1524	5.52298
6	2024	5.95866
6	2524	5.18934
6	3024	5.56416
6	3524	5.75117
6	4024	6.14867
6	4524	5.32022
6	5024	5.82784
6	5524	6.0543
6	6024	6.31315
6	6524	6.36742
6	7024	5.90016
6	7524	5.95901
6	8024	6.03405
6	8524	6.47824
6	9024	6.2807
6	9524	5.94298
6	10024	6.09459
7	1024	4.46464
7	1524	5.3401
7	2024	6.10438
7	2524	5.12877
7	3024	5.46739
7	3524	5.69478
7	4024	6.0521
7	4524	5.68214
7	5024	5.62688
7	5524	6.0543
7	6024	6.31315
7	6524	6.31523
7	7024	5.84397
7	7524	5.77843
7	8024	5.96986
7	8524	6.47824
7	9024	6.2807
7	9524	5.94298
7	10024	6.33517
8	1024	4.35814
8	1524	5.43763
8	2024	6.072
8	2524	4.98742
8	3024	5.51578
8	3524	5.94851
8	4024	5.92333
8	4524	5.21165
8	5024	5.66707
8	5524	6.14269
8	6024	6.16858
8	6524	6.15866
8	7024	5.73158
8	7524	5.83862
8	8024	5.77728
8	8524	6.13728
8	9024	6.49728
8	9524	5.7144
8	10024	5.85402
9	1024	4.37453
9	1524	5.31571
9	2024	5.91008
9	2524	4.98742
9	3024	5.37062
9	3524	5.92032
9	4024	6.24525
9	4524	5.53738
9	5024	5.38573
9	5524	5.61238
9	6024	5.73485
9	6524	6.00208
9	7024	5.6192
9	7524	5.65805
9	8024	6.09824
9	8524	6.0009
9	9024	6.13632
9	9524	5.79059
9	10024	5.93421
10	1024	4.32538
10	1524	5.09626
10	2024	5.95866
10	2524	5.12877
10	3024	5.37062
10	3524	5.75117
10	4024	6.08429
10	4524	5.17546
10	5024	5.74746
10	5524	6.0543
10	6024	5.83123
10	6524	6.31523
10	7024	5.67539
10	7524	5.47747
10	8024	5.84147
10	8524	5.86451
10	9024	6.20851
10	9524	5.7144
10	10024	5.77382
11	1024	4.37453
11	1524	5.19379
11	2024	5.99104
11	2524	4.96723
11	3024	5.51578
11	3524	5.80755
11	4024	6.0199
11	4524	5.46499
11	5024	5.82784
11	5524	5.61238
11	6024	5.97581
11	6524	6.10646
11	7024	5.78778
11	7524	5.83862
11	8024	6.09824
11	8524	6.06909
11	9024	5.99194
11	9524	5.40963
11	10024	5.77382
12	1024	4.32538
12	1524	5.26694
12	2024	5.94246
12	2524	5.00762
12	3024	5.49158
12	3524	5.6384
12	4024	5.85894
12	4524	5.24784
12	5024	5.30534
12	5524	5.61238
12	6024	5.87942
12	6524	5.74112
12	7024	5.84397
12	7524	5.35709
12	8024	5.6489
12	8524	6.20547
12	9024	5.70317
12	9524	5.25725
12	10024	5.61344
13	1024	4.3991
13	1524	5.24256
13	2024	6.00723
13	2524	4.90666
13	3024	5.34643
13	3524	5.66659
13	4024	6.14867
13	4524	5.4288
13	5024	5.42592
13	5524	5.74496
13	6024	5.92762
13	6524	5.8455
13	7024	5.45062
13	7524	5.53766
13	8024	5.77728
13	8524	5.59174
13	9024	5.84755
13	9524	5.63821
13	10024	5.37286
14	1024	4.32538
14	1524	5.20598
14	2024	5.81293
14	2524	4.82589
14	3024	5.20128
14	3524	5.69478
14	4024	5.98771
14	4524	5.21165
14	5024	5.22496
14	5524	5.70077
14	6024	5.92762
14	6524	6.05427
14	7024	5.56301
14	7524	5.53766
14	8024	5.45632
14	8524	5.52355
14	9024	5.48659
14	9524	5.56202
14	10024	5.53325
15	1024	4.27622
15	1524	5.0353
15	2024	5.81293
15	2524	4.7855
15	3024	5.29805
15	3524	5.61021
15	4024	5.92333
15	4524	5.28403
15	5024	5.18477
15	5524	5.70077
15	6024	5.73485
15	6524	6.00208
15	7024	5.56301
15	7524	5.47747
15	8024	5.5847
15	8524	5.65994
15	9024	5.55878
15	9524	4.95248
15	10024	5.45306
16	1024	4.31718
16	1524	5.21818
16	2024	5.71578
16	2524	4.96723
16	3024	5.37062
16	3524	5.58202
16	4024	5.79456
16	4524	5.35642
16	5024	5.26515
16	5524	5.65658
16	6024	6.024
16	6524	6.10646
16	7024	5.16966
16	7524	5.11632
16	8024	5.71309
16	8524	5.65994
16	9024	6.13632
16	9524	5.10486
16	10024	5.45306
17	1024	4.27622
17	1524	5.23037
17	2024	5.84531
17	2524	4.74512
17	3024	5.37062
17	3524	5.44106
17	4024	5.85894
17	4524	4.9583
17	5024	5.5465
17	5524	5.21466
17	6024	5.73485
17	6524	5.8977
17	7024	5.50682
17	7524	5.41728
17	8024	5.52051
17	8524	5.65994
17	9024	5.91974
17	9524	5.33344
17	10024	5.21248
18	1024	4.2025
18	1524	5.01091
18	2024	5.65101
18	2524	4.84608
18	3024	5.20128
18	3524	5.58202
18	4024	5.82675
18	4524	5.17546
18	5024	5.30534
18	5524	5.70077
18	6024	5.78304
18	6524	5.8455
18	7024	5.11347
18	7524	5.17651
18	8024	5.19955
18	8524	5.65994
18	9024	5.77536
18	9524	4.87629
18	10024	5.53325
19	1024	4.16154
19	1524	5.10845
19	2024	5.65101
19	2524	4.92685
19	3024	5.24966
19	3524	5.52563
19	4024	5.73018
19	4524	5.10307
19	5024	5.024
19	5524	5.34723
19	6024	5.87942
19	6524	5.68893
19	7024	5.00109
19	7524	5.41728
19	8024	5.6489
19	8524	5.25078
19	9024	5.99194
19	9524	4.95248
19	10024	5.13229
20	1024	4.096
20	1524	5.10845
20	2024	5.65101
20	2524	4.82589
20	3024	5.17709
20	3524	5.32829
20	4024	5.60141
20	4524	4.88592
20	5024	5.10438
20	5524	5.56819
20	6024	5.59027
20	6524	5.63674
20	7024	4.83251
20	7524	5.11632
20	8024	5.52051
20	8524	5.59174
20	9024	5.4144
20	9524	4.87629
20	10024	5.53325
21	1024	4.06323
21	1524	4.97434
21	2024	5.65101
21	2524	4.52301
21	3024	5.1287
21	3524	5.41286
21	4024	5.56922
21	4524	5.13926
21	5024	5.18477
21	5524	5.39142
21	6024	5.68666
21	6524	5.8455
21	7024	5.22586
21	7524	5.17651
21	8024	5.39213
21	8524	5.45536
21	9024	5.84755
21	9524	5.02867
21	10024	5.0521
22	1024	4.07962
22	1524	4.92557
22	2024	5.58624
22	2524	4.66435
22	3024	5.22547
22	3524	5.38467
22	4024	5.69798
22	4524	5.03069
22	5024	5.26515
22	5524	5.43562
22	6024	5.54208
22	6524	5.58454
22	7024	4.9449
22	7524	5.53766
22	8024	5.5847
22	8524	5.18259
22	9024	5.55878
22	9524	5.63821
22	10024	4.81152
23	1024	4.07962
23	1524	4.96214
23	2024	5.53766
23	2524	4.82589
23	3024	5.1287
23	3524	5.58202
23	4024	5.82675
23	4524	4.9945
23	5024	5.22496
23	5524	5.21466
23	6024	5.54208
23	6524	5.8455
23	7024	5.39443
23	7524	5.41728
23	8024	5.45632
23	8524	5.86451
23	9024	5.63098
23	9524	4.64771
23	10024	5.13229
24	1024	4.03866
24	1524	4.90118
24	2024	5.53766
24	2524	4.62397
24	3024	5.00774
24	3524	5.07456
24	4024	5.56922
24	4524	4.74115
24	5024	5.06419
24	5524	5.21466
24	6024	5.3975
24	6524	5.68893
24	7024	4.8887
24	7524	5.47747
24	8024	5.26374
24	8524	5.59174
24	9024	5.84755
24	9524	5.40963
24	10024	5.29267
25	1024	4.02227
25	1524	4.82803
25	2024	5.48909
25	2524	4.64416
25	3024	4.91098
25	3524	5.35648
25	4024	5.76237
25	4524	4.88592
25	5024	5.22496
25	5524	5.21466
25	6024	5.54208
25	6524	5.74112
25	7024	5.33824
25	7524	5.11632
25	8024	5.6489
25	8524	5.72813
25	9024	5.70317
25	9524	5.02867
25	10024	5.29267
26	1024	3.90758
26	1524	4.74269
26	2024	5.34336
26	2524	4.5432
26	3024	4.93517
26	3524	5.38467
26	4024	5.50483
26	4524	4.9945
26	5024	5.18477
26	5524	5.34723
26	6024	5.49389
26	6524	5.74112
26	7024	5.16966
26	7524	4.99594
26	8024	5.26374
26	8524	5.65994
26	9024	5.48659
26	9524	5.25725
26	10024	5.13229
27	1024	3.91578
27	1524	4.74269
27	2024	5.24621
27	2524	4.5432
27	3024	4.93517
27	3524	5.2719
27	4024	5.47264
27	4524	4.88592
27	5024	5.14458
27	5524	5.25885
27	6024	5.4457
27	6524	5.42797
27	7024	5.00109
27	7524	5.17651
27	8024	5.45632
27	8524	5.45536
27	9024	5.4144
27	9524	5.33344
27	10024	5.37286
28	1024	3.94854
28	1524	4.70611
28	2024	5.34336
28	2524	4.50282
28	3024	4.95936
28	3524	5.13094
28	4024	5.2151
28	4524	4.66877
28	5024	5.06419
28	5524	5.34723
28	6024	5.15654
28	6524	5.63674
28	7024	4.83251
28	7524	5.11632
28	8024	5.39213
28	8524	5.59174
28	9024	5.63098
28	9524	5.18106
28	10024	5.0521
29	1024	3.87482
29	1524	4.64515
29	2024	5.21382
29	2524	4.26051
29	3024	4.8384
29	3524	5.18733
29	4024	5.47264
29	4524	4.77734
29	5024	4.86323
29	5524	5.08208
29	6024	5.49389
29	6524	5.63674
29	7024	4.77632
29	7524	5.17651
29	8024	5.26374
29	8524	5.45536
29	9024	5.63098
29	9524	5.02867
29	10024	4.89171
30	1024	3.93216
30	1524	4.76707
30	2024	5.34336
30	2524	4.64416
30	3024	4.79002
30	3524	5.35648
30	4024	5.50483
30	4524	4.9583
30	5024	4.90342
30	5524	5.03789
30	6024	5.59027
30	6524	5.63674
30	7024	4.60774
30	7524	5.2367
30	8024	5.13536
30	8524	5.25078
30	9024	5.34221
30	9524	5.33344
30	10024	5.13229
31	1024	3.97312
31	1524	4.68173
31	2024	5.31098
31	2524	4.48262
31	3024	4.95936
31	3524	5.15914
31	4024	5.50483
31	4524	4.88592
31	5024	5.024
31	5524	4.9937
31	6024	5.54208
31	6524	5.53235
31	7024	5.00109
31	7524	5.17651
31	8024	5.19955
31	8524	5.31898
31	9024	5.34221
31	9524	5.10486
31	10024	5.0521
32	1024	3.8912
32	1524	4.7183
32	2024	5.27859
32	2524	4.48262
32	3024	4.69325
32	3524	5.24371
32	4024	5.37606
32	4524	4.84973
32	5024	4.82304
32	5524	5.03789
32	6024	5.49389
32	6524	5.58454
32	7024	5.16966
32	7524	5.2969
32	8024	5.19955
32	8524	5.45536
32	9024	5.77536
32	9524	5.18106
32	10024	5.13229
33	1024	3.94854
33	1524	4.77926
33	2024	5.29478
33	2524	4.62397
33	3024	4.93517
33	3524	5.35648
33	4024	5.31168
33	4524	4.9583
33	5024	4.90342
33	5524	5.21466
33	6024	5.4457
33	6524	5.79331
33	7024	5.33824
33	7524	5.2969
33	8024	5.00698
33	8524	5.31898
33	9024	5.27002
33	9524	5.02867
33	10024	5.53325
34	1024	3.83386
34	1524	4.79146
34	2024	5.40813
34	2524	4.64416
34	3024	5.08032
34	3524	5.07456
34	4024	5.69798
34	4524	4.74115
34	5024	5.06419
34	5524	5.47981
34	6024	5.3975
34	6524	5.58454
34	7024	5.00109
34	7524	4.99594
34	8024	5.26374
34	8524	5.65994
34	9024	5.55878
34	9524	5.18106
34	10024	5.0521
35	1024	3.83386
35	1524	4.69392
35	2024	5.32717
35	2524	4.48262
35	3024	4.88678
35	3524	5.3001
35	4024	5.40826
35	4524	4.88592
35	5024	4.90342
35	5524	5.30304
35	6024	5.34931
35	6524	5.48016
35	7024	5.00109
35	7524	5.11632
35	8024	5.07117
35	8524	5.31898
35	9024	5.77536
35	9524	4.95248
35	10024	4.9719
36	1024	3.96493
36	1524	4.70611
36	2024	5.39194
36	2524	4.52301
36	3024	5.00774
36	3524	5.2719
36	4024	5.37606
36	4524	4.81354
36	5024	5.14458
36	5524	5.21466
36	6024	5.4457
36	6524	5.68893
36	7024	4.83251
36	7524	5.35709
36	8024	5.19955
36	8524	5.38717
36	9024	5.77536
36	9524	4.87629
36	10024	5.61344
37	1024	3.91578
37	1524	4.86461
37	2024	5.39194
37	2524	4.5432
37	3024	4.8384
37	3524	5.24371
37	4024	5.44045
37	4524	4.9945
37	5024	5.14458
37	5524	5.03789
37	6024	5.25293
37	6524	5.63674
37	7024	5.16966
37	7524	4.99594
37	8024	5.32794
37	8524	5.31898
37	9024	5.63098
37	9524	5.02867
37	10024	5.45306
38	1024	3.7929
38	1524	4.70611
38	2024	5.24621
38	2524	4.48262
38	3024	4.71744
38	3524	5.10275
38	4024	5.50483
38	4524	4.88592
38	5024	5.024
38	5524	5.03789
38	6024	5.4457
38	6524	5.27139
38	7024	5.11347
38	7524	4.93574
38	8024	5.13536
38	8524	5.38717
38	9024	5.27002
38	9524	4.87629
38	10024	4.89171
39	1024	3.92397
39	1524	4.75488
39	2024	5.31098
39	2524	4.52301
39	3024	4.8384
39	3524	5.2719
39	4024	5.60141
39	4524	4.84973
39	5024	5.14458
39	5524	5.30304
39	6024	5.25293
39	6524	5.53235
39	7024	5.11347
39	7524	5.11632
39	8024	5.13536
39	8524	5.25078
39	9024	5.19782
39	9524	4.95248
39	10024	5.13229
40	1024	3.91578
40	1524	4.68173
40	2024	5.32717
40	2524	4.50282
40	3024	4.88678
40	3524	5.15914
40	4024	5.53702
40	4524	4.63258
40	5024	4.94362
40	5524	5.30304
40	6024	5.30112
40	6524	5.32358
40	7024	5.05728
40	7524	5.2367
40	8024	5.26374
40	8524	5.52355
40	9024	5.48659
40	9524	5.02867
40	10024	4.9719
41	1024	3.86662
41	1524	4.70611
41	2024	5.42432
41	2524	4.36147
41	3024	4.71744
41	3524	5.21552
41	4024	5.47264
41	4524	4.77734
41	5024	4.98381
41	5524	5.08208
41	6024	5.30112
41	6524	5.58454
41	7024	4.8887
41	7524	5.17651
41	8024	5.32794
41	8524	5.45536
41	9024	5.48659
41	9524	4.95248
41	10024	5.21248
42	1024	3.97312
42	1524	4.70611
42	2024	5.35955
42	2524	4.50282
42	3024	5.03194
42	3524	5.24371
42	4024	5.47264
42	4524	4.81354
42	5024	5.18477
42	5524	5.25885
42	6024	5.4457
42	6524	5.63674
42	7024	5.11347
42	7524	4.99594
42	8024	5.32794
42	8524	5.52355
42	9024	5.48659
42	9524	5.02867
42	10024	5.37286
43	1024	3.94035
43	1524	4.74269
43	2024	5.31098
43	2524	4.42205
43	3024	4.91098
43	3524	4.9336
43	4024	5.31168
43	4524	4.59638
43	5024	5.024
43	5524	5.03789
43	6024	5.34931
43	6524	5.48016
43	7024	4.9449
43	7524	5.2367
43	8024	5.26374
43	8524	5.45536
43	9024	5.84755
43	9524	4.87629
43	10024	5.0521
44	1024	3.94035
44	1524	4.77926
44	2024	5.27859
44	2524	4.52301
44	3024	4.81421
44	3524	5.3001
44	4024	5.40826
44	4524	4.66877
44	5024	4.94362
44	5524	5.17046
44	6024	5.06016
44	6524	5.63674
44	7024	5.05728
44	7524	5.11632
44	8024	5.26374
44	8524	5.52355
44	9024	5.70317
44	9524	5.10486
44	10024	4.9719
45	1024	3.96493
45	1524	4.76707
45	2024	5.24621
45	2524	4.58358
45	3024	4.8384
45	3524	5.13094
45	4024	5.6336
45	4524	4.88592
45	5024	5.024
45	5524	5.12627
45	6024	5.30112
45	6524	5.53235
45	7024	4.9449
45	7524	5.05613
45	8024	5.32794
45	8524	5.31898
45	9024	5.4144
45	9524	4.95248
45	10024	4.9719
46	1024	3.94035
46	1524	4.69392
46	2024	5.29478
46	2524	4.5432
46	3024	4.95936
46	3524	4.96179
46	4024	5.53702
46	4524	4.92211
46	5024	5.06419
46	5524	5.08208
46	6024	5.54208
46	6524	5.58454
46	7024	5.11347
46	7524	5.17651
46	8024	5.39213
46	8524	5.59174
46	9024	5.19782
46	9524	5.02867
46	10024	5.37286
47	1024	3.94035
47	1524	4.7183
47	2024	5.18144
47	2524	4.48262
47	3024	4.91098
47	3524	5.3001
47	4024	5.44045
47	4524	4.92211
47	5024	5.024
47	5524	5.25885
47	6024	5.4457
47	6524	5.58454
47	7024	4.83251
47	7524	4.81536
47	8024	5.39213
47	8524	5.25078
47	9024	5.4144
47	9524	4.57152
47	10024	5.29267
48	1024	3.96493
48	1524	4.75488
48	2024	5.35955
48	2524	4.52301
48	3024	4.88678
48	3524	5.24371
48	4024	5.56922
48	4524	4.81354
48	5024	5.06419
48	5524	4.86112
48	6024	5.30112
48	6524	5.53235
48	7024	5.22586
48	7524	5.05613
48	8024	5.26374
48	8524	5.18259
48	9024	5.55878
48	9524	4.87629
48	10024	5.37286
49	1024	3.85024
49	1524	4.84022
49	2024	5.29478
49	2524	4.46243
49	3024	4.91098
49	3524	5.18733
49	4024	5.60141
49	4524	4.74115
49	5024	5.024
49	5524	5.39142
49	6024	5.63846
49	6524	5.58454
49	7024	4.9449
49	7524	5.2367
49	8024	5.26374
49	8524	5.25078
49	9024	5.48659
49	9524	5.10486
49	10024	4.81152
50	1024	3.90758
50	1524	4.79146
50	2024	5.23002
50	2524	4.56339
50	3024	4.88678
50	3524	5.21552
50	4024	5.37606
50	4524	4.70496
50	5024	5.18477
50	5524	5.25885
50	6024	5.59027
50	6524	5.53235
50	7024	4.83251
50	7524	5.11632
50	8024	5.13536
50	8524	5.25078
50	9024	5.55878
50	9524	5.10486
50	10024	5.13229
